0000000000 Bull001
m 7 16 1910
-1
-1
0000000874 0000000043
0000000002 Bull002
m 6 13 1920
-1
6 13 1920 93 180 15894 3.4 -476.8
0000000920 0000000317
0000000004 Bull003
m 6 13 1924
6 13 1920 34 23 21
-1
0000000920 0000000317
0000000006 Bull004
m 4 21 1939
1 25 1935 28 18 18
1 25 1935 410 1256 15460 5.2 233.2
0000000028 0000000133
0000000001 Cow001
f 6 21 1964
-1
-1
0000000162 0000000139
0000000003 Cow002
f 6 8 1986
-1
2 1 342 19000 4.1
-1
0000000966 0000000009
0000000005 Cow003
f 1 8 1998
-1
2 11 350 18750 3.9
4 0 360 22000 4.0
-1
0000000830 0000000067
0000000007 Cow004
f 11 12 1995
-1
2 0 228 17232 5.3
3 1 178 13290 4.0
4 2 260 19266 3.2
5 3 348 16464 5.5
6 4 161 19078 3.0
7 5 248 12962 3.9
8 6 282 17178 5.6
9 7 83 18630 3.4
10 8 104 14760 4.5
11 9 139 19564 3.6
12 10 86 17120 5.1
-1
0000000184 0000000487
0000000009 Cow005
f 11 28 1910
11 28 1910 28 19 19 19
-1
0000000304 0000000205
0000000011 Cow006
f 8 4 1906
8 4 1906 16 20 28 22
2 0 163 19160 3.7
3 1 202 16994 5.0
4 2 296 12812 4.9
5 3 166 14246 3.7
6 4 332 18722 4.3
7 5 256 17230 5.5
8 6 181 13776 4.0
9 7 317 19844 5.8
-1
0000000974 0000000141
