0000000000 Al
m 1 1 2000
-1
-1
0000000004 9000000009
0000000001 Bob
m 1 1 2000
-1
-1
0000000002 0000000013
0000000002 Carl
m 1 1 2000
-1
-1
0000000003 9000000009
0000000003 Doug
m 1 1 2000
-1
-1
0000000004 0000000012
0000000004 Ed
m 1 1 2000
-1
-1
1000000000 0000000014
0000000010 Alice
f 1 1 2000
-1
-1
0000000004 0000000014
0000000011 Beulah
f 1 1 2000
-1
-1
1000000000 9000000009
0000000012 Chrissie
f 1 1 2000
-1
-1
1000000000 9000000009
0000000013 Darla
f 1 1 2000
-1
-1
1000000000 0000000011
0000000014 Ethyl
f 1 1 2000
-1
-1
1000000000 0000000013
0000000015 Fortran
m 1 1 2000
-1
-1
0000000001 0000000014
0000000016 Flossie
f 1 1 2000
-1
-1
1000000000 0000000014
0000000017 Gertie
f 1 1 2000
-1
-1
0000000003 9000000009
